1
root
512
0
0
-1
-1
-1
5
-1
-1
-1
-1
-1
-1
-1
3
even100.xsm
166
0
-1
-1
-1
-1
69
-1
-1
-1
-1
-1
-1
-1
3
odd100.xsm
166
0
-1
-1
-1
-1
70
-1
-1
-1
-1
-1
-1
-1
3
io.xsm
198
0
-1
-1
-1
-1
71
-1
-1
-1
-1
-1
-1
-1
3
list.xsm
930
0
-1
-1
-1
-1
72
73
-1
-1
-1
-1
-1
-1
3
usr_tp.xsm
284
0
-1
-1
-1
-1
74
-1
-1
-1
-1
-1
-1
-1
3
parent.xsm
280
0
-1
-1
-1
-1
75
-1
-1
-1
-1
-1
-1
-1
3
child.xsm
328
0
-1
-1
-1
-1
76
-1
-1
-1
-1
-1
-1
-1
3
mrg_con.xsm
1930
0
-1
-1
-1
-1
77
78
79
80
-1
-1
-1
-1
3
mrg_seq.xsm
1150
0
-1
-1
-1
-1
81
82
83
-1
-1
-1
-1
-1
3
r_w_1.xsm
1198
0
-1
-1
-1
-1
84
85
86
-1
-1
-1
-1
-1
3
r_w.xsm
990
0
-1
-1
-1
-1
87
88
-1
-1
-1
-1
-1
-1
3
create.xsm
366
0
-1
-1
-1
-1
89
-1
-1
-1
-1
-1
-1
-1
3
delete.xsm
266
0
-1
-1
-1
-1
90
-1
-1
-1
-1
-1
-1
-1
2
test.dat
6
1
1
-1
-1
-1
91
-1
-1
-1
-1
-1
-1
-1
2
hello3.dat
0
1
0
-1
-1
-1
-1
-1
-1
-1
-1
-1
-1
-1
2
nums.dat
2047
1
1
-1
-1
-1
92
93
94
95
-1
-1
-1
-1
3
file_sem.xsm
514
0
-1
-1
-1
-1
96
97
-1
-1
-1
-1
-1
-1
3
ls.xsm
866
0
-1
-1
-1
-1
98
99
-1
-1
-1
-1
-1
-1
3
cp.xsm
802
0
-1
-1
-1
-1
100
101
-1
-1
-1
-1
-1
-1
3
cat.xsm
532
0
-1
-1
-1
-1
102
103
-1
-1
-1
-1
-1
-1
3
rm.xsm
266
0
-1
-1
-1
-1
104
-1
-1
-1
-1
-1
-1
-1
3
fwrite.xsm
524
0
-1
-1
-1
-1
105
106
-1
-1
-1
-1
-1
-1
2
t1.dat
9
1
1
-1
-1
-1
107
-1
-1
-1
-1
-1
-1
-1
3
fw_assg1.xsm
776
0
-1
-1
-1
-1
108
109
-1
-1
-1
-1
-1
-1
3
fw_assg2.xsm
776
0
-1
-1
-1
-1
110
111
-1
-1
-1
-1
-1
-1
-1
-1
0
-1
-1
-1
-1
-1
-1
-1
-1
-1
-1
-1
-1
-1
-1
-1
0
-1
-1
-1
-1
-1
-1
-1
-1
-1
-1
-1
-1
-1
-1
-1
0
-1
-1
-1
-1
-1
-1
-1
-1
-1
-1
-1
-1
-1
-1
-1
0
-1
-1
-1
-1
-1
-1
-1
-1
-1
-1
-1
-1
-1
-1
-1
0
-1
-1
-1
-1
-1
-1
-1
-1
-1
-1
-1
-1
-1
-1
-1
0
-1
-1
-1
-1
-1
-1
-1
-1
-1
-1
-1
-1
-1
-1
-1
0
-1
-1
-1
-1
-1
-1
-1
-1
-1
-1
-1
-1
-1
-1
-1
0
-1
-1
-1
-1
-1
-1
-1
-1
-1
-1
-1
-1
-1
-1
-1
0
-1
-1
-1
-1
-1
-1
-1
-1
-1
-1
-1
-1
-1
-1
-1
0
-1
-1
-1
-1
-1
-1
-1
-1
-1
-1
-1
-1
-1
-1
-1
0
-1
-1
-1
-1
-1
-1
-1
-1
-1
-1
-1
-1
-1
-1
-1
0
-1
-1
-1
-1
-1
-1
-1
-1
-1
-1
-1
-1
-1
-1
-1
0
-1
-1
-1
-1
-1
-1
-1
-1
-1
-1
-1
-1
-1
-1
-1
0
-1
-1
-1
-1
-1
-1
-1
-1
-1
-1
-1
-1
-1
-1
-1
0
-1
-1
-1
-1
-1
-1
-1
-1
-1
-1
-1
-1
-1
-1
-1
0
-1
-1
-1
-1
-1
-1
-1
-1
-1
-1
-1
-1
-1
-1
-1
0
-1
-1
-1
-1
-1
-1
-1
-1
-1
-1
-1
-1
-1
-1
-1
0
-1
-1
-1
-1
-1
-1
-1
-1
-1
-1
-1
-1
-1
-1
-1
0
-1
-1
-1
-1
-1
-1
-1
-1
-1
-1
-1
-1
-1
-1
-1
0
-1
-1
-1
-1
-1
-1
-1
-1
-1
-1
-1
-1
-1
-1
-1
0
-1
-1
-1
-1
-1
-1
-1
-1
-1
-1
-1
-1
-1
-1
-1
0
-1
-1
-1
-1
-1
-1
-1
-1
-1
-1
-1
-1
-1
-1
-1
0
-1
-1
-1
-1
-1
-1
-1
-1
-1
-1
-1
-1
-1
-1
-1
0
-1
-1
-1
-1
-1
-1
-1
-1
-1
-1
-1
-1
-1
-1
-1
0
-1
-1
-1
-1
-1
-1
-1
-1
-1
-1
-1
-1
-1
-1
-1
0
-1
-1
-1
-1
-1
-1
-1
-1
-1
-1
-1
-1
-1
-1
-1
0
-1
-1
-1
-1
-1
-1
-1
-1
-1
-1
-1
-1
-1
-1
-1
0
-1
-1
-1
-1
-1
-1
-1
-1
-1
-1
-1
-1
-1
-1
-1
0
-1
-1
-1
-1
-1
-1
-1
-1
-1
-1
-1
-1
-1
-1
-1
0
-1
-1
-1
-1
-1
-1
-1
-1
-1
-1
-1
-1
-1
-1
-1
0
-1
-1
-1
-1
-1
-1
-1
-1
-1
-1
-1
-1
-1
-1
-1
0
-1
-1
-1
-1
-1
-1
-1
-1
-1
-1
-1
-1
-1
-1
-1
0
-1
-1
-1
-1
-1
-1
-1
-1
-1
-1
-1
-1
-1
-1
-1
0
-1
-1
-1
-1
-1
-1
-1
-1
-1
-1
-1
-1
-1
kernel
-1
root
452
-1
-1
-1
-1
-1
-1
-1
-1
-1
-1
-1
-1
-1
-1
-1
-1
-1
-1
-1
-1
-1
-1
-1
-1
-1
-1
-1
-1
-1
-1
-1
-1
-1
-1
-1
-1
-1
-1
-1
-1
-1
-1
-1
-1
-1
-1
-1
-1
-1
-1
-1
-1
-1
-1
-1
-1
-1
-1
-1
-1
